25781
25172
25188
25173
25174
25175
25189
25811
25171
23744
25479
24244
26004
23973
25263
25718
25197
24277
25461
25775
24635
24144
25798
25776
24161
25322
25443
25460
25274
26045
26078
25463
25655
25656
26081
26053
25452
25451
25323
25449
26095
25701
25143
25872
25148
25168
25604
26157
25715
25152
25156
25873
25595
25158
25743
25160
25162
25163
25164
25702
26115
26153
25165
25622
25167
23748
26173
24775
24776
24777
24778
24779
24780
25554
24781
25791
24782
24783
24784
24785
24786
25540
25696
25326
24787
24788
24789
26109
24792
24793
24795
24801
25170
25741
25846
23750
25581
25583
25828
25860
25088
25804
25861
25862
25087
25320
25586
25856
25779
25582
26174
25086
25784
24279
24280
23886
23940
23914
25629
23960
24080
23887
23888
23880
23881
23882
23883
23884
23885
23897
25565
25623
24070
24079
23918
25733
25735
23920
23907
23889
23891
23892
23874
23875
23876
23877
23878
23879
23941
23959
23938
23908
23922
23961
23927
23909
23893
23894
24221
23895
23913
23942
23943
23944
23911
23947
23950
23951
23952
23953
23939
24282
23912
23928
23929
24047
23910
25537
25745
23752
25699
25700
24020
24016
25338
25339
25340
25341
25342
25343
25344
25345
25346
25347
25348
24026
24021
24022
25327
25328
25329
25330
25331
25332
25333
25334
25335
25336
25337
24028
24029
24030
24032
24033
24034
24035
24036
24048
24049
24050
24051
24052
24978
24053
24054
24055
24056
24057
24058
24059
23754
24882
24915
24937
24875
24881
24911
25068
25199
24884
25774
25468
23756
25287
24876
24880
24883
24916
24910
24958
25093
24936
23779
24870
24869
24874
24868
25200
24917
24877
24935
23795
24879
24920
24918
24878
24923
24921
23819
24702
24865
24696
24709
24711
24698
24689
24701
25079
24714
24707
24697
24708
24704
24693
24700
25191
25078
24796
24773
25748
24706
24691
24746
25787
24713
24694
26039
24705
24710
24690
25559
24695
24715
23758
26010
26019
26016
26149
26089
24222
24814
25294
25299
25300
25301
25773
25176
25302
25767
24815
25303
25611
25304
24229
24985
24986
24223
24224
24816
25448
24817
25295
25238
25233
25248
25521
25522
25523
25524
25525
25526
25527
25528
25529
25530
25531
25532
25533
25534
25249
25250
25251
25252
25494
25253
25254
25754
25255
25256
25258
25259
25260
25261
25262
25264
25491
25265
26084
25266
25816
23762
25269
26147
24083
24089
24109
24113
25545
24102
24110
24114
24084
24095
24103
24090
24104
24122
24126
24125
24118
24127
24119
24130
24129
26064
24087
24091
24111
24101
24096
24105
24093
24115
24124
24088
24123
24097
24112
24120
24437
24810
24458
24459
24460
24461
24462
24811
24463
24464
24465
25239
25695
25307
24820
25694
25558
24822
25975
24809
24823
24824
24466
24467
24468
24469
24470
24471
24472
24825
24826
24827
24830
25692
24806
24807
24831
26101
24834
24835
24837
24838
24839
24840
25473
26090
26102
25141
25472
25146
25483
25730
25693
25151
25474
25475
25476
25477
23838
23847
23828
25885
26056
23842
23855
23853
23841
23856
23854
23837
23830
23827
23840
23852
23835
23865
23845
23846
23859
23860
23861
23844
23858
23833
23834
23839
23866
23863
23849
23850
23851
25011
25012
25013
25014
25015
25016
25017
25018
25019
25711
25020
25453
25454
25455
25021
25130
25131
25132
25579
25549
25819
25134
25135
25712
25138
25140
23777
25783
25782
25607
23963
23964
25605
23965
23966
23768
24528
25122
24537
24535
25123
25006
25117
25118
25119
25120
25121
25128
25129
24529
24631
25124
25763
24538
24530
25126
25127
24531
25592
24510
24511
24512
24514
24515
24516
24517
24518
24519
24520
25153
25157
25159
24987
24521
25005
24522
24523
24524
25161
24525
24526
25211
24532
24539
25150
25765
25007
24540
24541
24542
24533
25593
24543
24544
24534
25147
25142
24988
24527
24545
24546
24547
25008
24548
24549
25003
25002
23770
25352
25357
25363
25364
25365
25366
25375
25378
25379
25380
25382
25383
25384
25386
25388
25389
25391
25392
25393
25394
25395
25396
25397
25398
25785
25401
26112
25402
25403
25405
25407
25408
25409
25410
25411
25412
25413
25414
25962
25416
25417
25418
25419
25420
25421
25641
25439
26116
25441
25422
25423
25424
25425
25426
25859
26052
25644
25738
25427
23772
24598
24599
24600
24601
24602
24603
24604
24605
24606
24607
24608
24609
24610
24612
24613
24614
24615
25196
25075
24620
25070
25071
25609
25194
25198
25072
25073
25074
23775
24747
24755
24756
24757
24758
24759
24751
25228
25080
25081
25229
25082
25318
25698
25083
25084
26054
23782
25826
25247
25710
26106
24061
25831
25845
24064
26110
24248
23784
23786
25732
25864
24475
24476
24477
24478
24479
24483
24484
24485
24486
24487
24488
24489
24490
24491
24492
24493
24494
25206
24676
25769
25209
25771
24808
26024
24680
24733
24685
25706
23787
24199
25091
24156
25876
24636
24106
24637
23992
25704
25296
25742
24163
24641
24148
24164
24149
24150
24151
25651
25749
24152
24157
24153
24739
24206
24550
24642
24154
25297
25312
25310
24644
24158
25822
24623
24159
24160
25972
25469
25090
24646
24209
24212
24208
24647
24649
24650
25795
25990
25577
24736
24654
24655
24656
24738
24668
24659
24660
24500
24501
24502
24504
24505
24506
24508
26135
24287
25900
24625
24507
25751
24624
24628
23793
25282
25179
25675
24240
24241
24242
25298
25465
24243
25887
25888
24245
26118
23969
23972
25551
23970
23971
23976
23975
26143
23978
23979
23980
23981
23982
23983
23984
23985
23987
24039
24040
25680
24041
24042
24043
24044
25829
24045
25246
24760
24761
24762
24763
24764
24765
24766
24767
24768
24769
24593
24567
24568
24771
24772
24566
24577
24585
24894
24591
24574
25594
24595
24586
24589
24581
25989
26091
24578
24575
24587
24351
24352
24353
24358
24359
24360
24361
24370
24371
24372
24377
24378
24379
24384
24385
24386
24387
24388
24389
24390
24391
24392
24393
24394
24395
24397
24396
24398
24399
24400
24401
24402
24403
24404
24405
24406
24407
23797
25281
23994
23999
24000
24001
24002
24003
24004
24005
24010
24011
25881
24953
24954
24955
24950
24952
25445
25447
25823
24218
24219
24220
24012
25284
25435
25682
25683
25684
25843
24013
24014
24135
24136
24137
24138
25292
24275
24276
25446
25834
25838
25837
25840
25839
25835
25841
25836
25716
25821
25321
24959
24993
25973
24996
24997
24998
24999
24971
24972
24973
24974
24979
24980
24981
24982
24983
24984
24989
24990
24992
24965
24926
24924
24929
24925
24964
24961
24962
25076
24930
24995
25010
25063
25467
24963
24994
24928
25064
25077
24927
23800
24855
24851
24859
24849
24857
24852
24798
24856
24860
25484
25000
25001
24858
25485
23802
25597
24281
25759
25596
24552
25311
24254
24474
24473
25201
24255
24261
26007
24264
24266
24271
24265
24268
24260
25210
24253
24274
24272
25089
25430
25810
24278
25615
25943
24269
24270
23805
25665
25666
25737
25721
24843
25667
24844
25668
24845
24846
25740
25723
25669
25628
25670
25724
25725
25726
25727
25813
25728
25729
25671
25556
24847
25672
25673
25753
25616
25788
25789
25790
25617
25659
25626
25658
25660
25677
25636
25637
24288
24289
24290
24291
24292
24293
24294
24295
24296
24297
24298
24299
24300
24301
24305
24306
24307
24308
24309
24310
25803
25807
25808
25703
24311
24312
24313
24314
24315
24316
24317
24318
24319
24320
24495
24496
24321
24322
24323
24324
25801
24326
24327
24328
25185
24329
24331
24332
23809
24346
26026
24889
25635
24891
25543
24896
26008
25544
24350
26011
26012
24667
24887
24571
24565
24572
24580
25224
24576
25314
25313
25602
24596
25225
26100
24594
25557
24753
23811
24583
24165
24166
24167
24168
24170
24171
24172
24173
24180
25547
24184
25245
25603
24189
24190
24191
26117
25184
24192
25548
24194
24196
24197
25580
24198
25290
24898
24900
26073
24904
24905
25286
25390
25291
25809
24906
25867
25868
25869
24941
24943
24977
25563
25103
23815
24949
24951
25212
24284
25221
25222
25213
25598
25599
25220
25600
25601
25216
25214
25217
26005
25215
25218
23817
23820
25315
24409
24410
24412
24072
26093
25761
24414
25998
24415
24416
24419
24422
24423
24424
25806
25464
24420
24425
26105
24426
24427
24429
25678
24432
25850
25634
25717
25999
23823
25039
25040
25046
26150
25059
25041
25042
25043
25044
25045
25036
25058
25027
25385
25037
25851
25052
25047
25049
25207
25208
24805
26119
24802
24804
26020
25227
25092
25094
25095
25096
25097
25098
25099
25100
25101
26065
26058
26059
25105
25107
26057
25108
25109
25110
25111
25112
26062
25113
25114
26046
25450
26085
26086
26087
25275
25277
25857
25278
25279
26088
25280
